country code|smsin|smsout|callin|callout|internet
235|4.9811|2.3627|62.0042|3.8942|1338.8684
42|4.2775|1.6079|80.4964|10.4508|249.3172
45|3.5996|1.2633|83.6719|35.8166|1398.5598
101|0.6372|3.7936|29.8669|43.846|1103.04
201|1.8746|1.157|41.3406|8.6475|403.248
250|4.7363|0.5942|22.7433|95.9726|1337.8202
79|2.7569|3.1946|95.5705|62.0452|252.9067
222|1.7227|3.2007|90.5938|87.8705|247.8842
91|1.7235|0.6442|73.0002|97.5871|917.0309
108|1.47|0.1385|43.8562|13.4294|393.2895
22|2.3164|2.8217|39.2899|84.6478|676.5128
105|1.0906|1.7186|58.5678|90.6892|405.1521
84|3.3817|2.076|27.5424|4.6488|156.7451
22|0.974|3.4826|56.3517|20.0691|1088.2363
248|4.1587|3.9832|61.5601|72.9845|1111.0359
161|1.9114|0.6419|37.3521|90.5918|1053.0554
1|4.644|4.4942|45.1338|48.4687|1077.7103
13|1.7255|2.4996|61.3672|35.3982|1131.8683
113|1.2842|0.1122|12.7955|65.9278|1331.4897
98|0.8413|2.1599|92.5253|50.8631|103.2007
152|2.3153|4.1066|63.152|75.8646|6.0602
21|4.6728|1.9457|83.3786|95.2788|271.2992
57|0.4601|1.4993|59.2408|36.6054|356.224
46|4.939|0.7971|81.9826|40.8053|1243.1342
156|1.5353|4.4598|56.4786|42.9056|621.0947
162|1.2678|3.8251|47.819|47.5961|555.002
40|0.7718|3.4591|98.1084|24.4421|782.7968
90|0.1402|1.8716|26.0288|43.2232|1403.9892
109|4.5776|2.3363|87.8677|53.3397|781.4379
235|4.9363|2.4799|17.1537|68.8037|1493.4686
236|0.0143|0.527|85.0983|16.0422|1005.6432
217|0.0916|3.415|99.2818|93.2799|1012.3883
208|4.0164|1.8083|61.5482|9.4744|1378.9306
59|3.9255|1.5819|98.0891|71.1404|1275.7931
63|2.3467|3.8515|37.6025|44.4776|1450.1205
151|0.6971|0.2688|74.5946|47.1731|254.7695
109|4.4364|0.4851|90.3223|46.2892|813.9157
219|2.7888|2.3068|19.3154|57.2464|529.8371
206|2.2227|1.6465|87.8394|91.0773|498.1648
5|0.0762|2.5495|78.6099|31.2245|95.7052
167|2.7189|0.6657|18.1906|1.9503|709.0003
72|2.0679|4.8783|18.0488|92.6739|1192.6404
94|4.7117|0.1734|13.8094|96.9439|1225.5945
129|0.6501|1.8329|80.5473|89.211|1459.4041
53|2.6092|4.2102|25.8584|35.6434|657.8617
229|1.9235|1.1093|23.9998|4.0365|1173.9036
80|4.8247|0.5074|20.663|11.6255|1261.1288
16|4.8733|4.4851|37.7044|24.5897|191.3444
211|1.6078|3.8968|17.8644|24.3279|270.7892
5|0.1194|1.5476|57.2739|8.0041|1046.4837
8|4.9522|1.5012|25.5107|72.8265|628.6147
205|3.2754|2.8467|12.971|4.9434|1208.2974
187|3.9823|3.0706|71.6896|59.6145|287.0152
30|4.0247|2.5454|56.1842|25.6507|1348.1233
71|0.9391|1.4996|64.7929|39.25|1228.3453
45|3.5596|2.2741|72.3585|89.9965|1289.9425
58|0.6299|4.9154|81.0847|43.0963|143.2891
176|1.1087|3.5314|82.3197|48.229|879.9009
138|3.8858|0.5847|14.601|5.474|441.5038
71|1.0076|4.9823|58.5484|47.1879|1189.6861
0|3.2914|2.4028|33.3119|15.0822|884.0977
213|3.0557|3.8251|59.4347|34.6905|613.6206
110|4.294|4.8161|84.8775|78.3923|282.3941
226|1.823|4.152|49.4225|18.3659|1293.8326
247|2.7342|1.8979|38.4195|37.6149|1408.9294
11|3.1705|1.5685|39.1401|55.1903|1203.2295
168|0.3599|2.8644|25.1736|59.4128|497.2182
61|4.0752|3.8954|70.6732|2.3978|220.8211
167|3.7725|1.5062|84.4085|87.6791|745.8732
238|1.1621|3.5823|67.8484|12.6435|1333.5723
234|4.2525|2.2378|59.0329|80.0146|153.3522
235|0.6843|4.6272|88.4015|94.9585|1405.4897
65|3.3916|4.5442|23.3476|93.59|1064.3945
207|0.6587|4.8895|19.7927|1.9573|1073.0667
208|2.4299|4.6629|67.6756|96.6418|658.4092
245|1.9679|4.8586|81.7156|40.0219|497.231
143|0.4653|1.2932|57.502|68.6169|784.2546
86|1.9387|4.5429|78.567|67.8426|1199.4337
208|3.6404|1.4454|95.1455|3.1113|1203.5387
11|1.5656|4.9347|84.0892|14.0998|931.0327
164|1.7498|4.9875|55.0013|17.7032|1055.753
169|2.4837|3.5175|33.7062|57.7436|1217.0235
93|2.5758|0.1372|28.1489|54.9989|200.39
169|3.6986|4.4425|48.2873|66.2895|979.3461
197|3.2833|0.7759|58.9612|54.372|1362.3629
213|2.8895|4.1434|75.4849|96.3553|522.0874
1|3.6403|1.5655|49.5711|14.2919|520.1041
246|2.4138|2.8911|80.3014|35.3718|512.1157
65|4.6964|0.3062|66.2755|4.1009|886.889
169|0.7851|0.7816|35.5366|90.1396|429.0865
121|3.2802|0.6376|43.3343|9.6177|841.9087
81|3.397|2.9975|68.1234|97.9664|722.7713
56|4.4486|1.5897|75.8472|13.5181|1250.1242
43|4.3103|0.6429|50.1682|9.3343|1312.0814
197|0.604|4.9618|37.2673|22.1193|1137.0596
45|0.3184|1.0542|22.1705|13.2641|1479.2416
22|4.66|1.9999|53.5171|76.8556|1371.5994
217|0.8444|4.9954|70.2507|8.416|862.8173
181|2.3254|3.8694|95.3675|14.5236|465.1535
154|3.8639|4.7745|73.2357|58.8688|443.588
35|3.5805|1.5693|35.3564|90.4981|1439.1332
159|2.7979|2.7853|44.3588|22.416|1435.9887
165|2.0277|1.0884|98.4904|62.1026|1429.3154
158|3.6592|2.3546|12.7733|99.1161|196.0538
214|3.8662|1.0895|27.7635|99.3069|130.7496
119|0.7381|0.1866|45.0715|26.883|198.9724
224|0.864|3.2256|24.1135|89.1802|768.3961
156|4.8095|3.5482|48.5936|26.81|1165.5956
11|4.1925|1.1421|36.3708|94.6696|1234.379
146|1.4568|1.2462|67.3002|22.9205|817.6982
129|0.5181|1.7643|27.948|34.8278|147.405
41|1.3186|2.737|76.633|8.2981|51.1854
141|4.9503|2.9662|61.777|75.059|256.3172
210|4.5648|0.2241|65.4212|28.2448|906.9055
65|2.3473|4.5716|47.8023|65.4379|125.5484
6|3.292|0.0382|81.6321|63.7054|1097.3193
143|1.2066|0.3144|13.2408|20.1256|860.5657
130|1.4747|0.7813|47.2323|99.9572|145.0013
76|2.0877|1.1914|40.8814|77.6201|1003.1524
171|1.5309|2.3626|57.4087|7.5138|458.4967
113|1.3072|1.3848|52.5268|99.0127|137.096
78|2.049|0.2296|57.4627|34.5523|1353.7237
50|1.9925|0.3545|80.4813|61.8791|1260.1436
143|2.7202|3.8021|78.1383|94.0441|1414.2405
144|0.4815|2.7884|46.1165|46.7639|1354.2498
158|4.408|2.384|42.3676|64.675|96.8409
86|3.7994|4.3465|41.4608|73.8423|940.4841
130|3.7263|4.7082|24.3404|76.5612|516.6991
160|4.8968|0.6409|29.0329|46.206|1414.9488
41|0.6564|1.1712|83.8178|12.9514|649.9606
181|4.5695|1.0225|60.2431|1.0378|464.762
136|2.919|1.6556|17.0779|31.3151|1255.4086
144|0.3274|3.4946|98.7002|36.135|632.5106
26|4.7373|1.5408|53.3922|39.7192|201.9764
203|4.5948|2.6571|71.8418|31.8606|1321.5362
97|0.0473|3.7336|73.9056|40.6823|939.3542
205|2.8584|1.5305|16.6704|81.0785|44.7179
176|0.0469|2.5068|81.4644|52.9377|301.8542
237|3.9858|2.6068|42.8611|39.0112|1251.7497
73|2.5832|0.7727|25.9529|71.2305|589.4145
72|4.0907|1.9107|46.4874|20.4004|134.6301
35|3.9643|4.6563|22.2681|41.0723|1086.9603
200|1.3139|2.058|70.9147|56.9196|1163.964
87|1.394|1.5273|80.684|72.8649|1452.4419
107|1.2102|2.0734|85.4575|99.9949|353.2613
102|1.5697|1.2932|91.0653|44.8352|904.1535
170|4.8031|4.6652|26.0571|14.9477|52.0687
15|4.8354|0.2797|33.9615|15.2586|88.7107
194|4.8866|0.5221|35.9803|1.0921|1091.93
209|1.9369|1.2618|80.9471|58.494|928.3772
219|0.2144|4.1913|43.5931|47.7108|950.5933
185|4.2287|4.8582|24.2158|85.5433|1207.5463
157|3.4489|2.1158|82.4747|94.0549|262.5758
228|2.1369|2.3187|54.7695|41.2155|530.4774
72|4.3385|1.7214|59.9531|81.267|955.9049
51|2.8384|2.5543|84.6077|74.3043|952.0642
227|4.3785|3.2442|74.5667|66.3022|502.3665
184|2.7954|3.9067|24.0926|26.3695|536.4264
47|4.0831|2.7743|78.0472|10.2115|641.5678
88|1.8643|4.2066|68.7544|74.1425|617.2793
17|4.2654|4.8159|31.945|18.3159|298.0194
62|0.1025|0.3059|13.5134|54.5636|616.8233
172|1.631|4.3831|40.4314|79.1864|1425.0446
160|4.1069|4.0652|70.8105|94.1124|752.2847
245|3.8096|3.4518|57.476|13.6821|1037.7664
14|1.9902|4.0041|46.8126|73.8974|312.2949
25|0.742|2.9529|14.6295|83.012|1056.7971
87|0.8516|4.979|55.0485|72.7001|752.4085
165|0.4646|1.3236|28.317|95.0927|344.7852
222|4.2821|2.2192|10.2659|81.3117|1146.1783
55|1.4841|3.0904|14.1611|55.7902|300.8465
196|1.7588|3.1932|92.1144|87.9834|274.7514
50|2.1608|1.8406|90.2511|86.3059|1118.9918
167|3.9136|1.1178|95.4702|40.283|1102.505
195|3.0945|4.893|26.7212|24.8928|795.553
223|1.5717|0.0704|37.3052|35.9152|1155.3707
84|0.4849|4.3284|24.1213|66.9667|5.2215
12|2.3168|4.9534|16.9076|51.9886|1430.7366
14|4.967|2.0089|59.9282|27.3271|610.6581
223|2.713|3.9329|98.1668|59.2028|1189.786
191|3.8363|2.5235|46.6558|65.943|711.8012
55|2.7273|3.5751|43.6324|60.5347|346.9846
114|3.7869|4.6933|35.8118|55.2354|492.8707
154|4.0438|1.7583|88.9445|7.0033|253.3128
57|2.6452|2.0764|60.566|17.3077|262.4365
143|1.9976|1.7138|47.4035|0.2856|708.4164
181|3.9233|4.3943|84.2285|27.0518|1464.6477
148|2.5249|4.9419|33.8912|43.7709|1179.2537
199|0.9355|3.2478|64.6962|59.658|1353.3231
55|1.451|1.8001|75.8786|14.6695|413.4209
200|2.4046|0.383|99.7621|40.643|209.5992
250|0.925|2.6241|86.6753|87.1925|49.6062
92|4.2146|4.0973|97.9796|76.9573|631.65
53|0.6727|2.3918|55.0719|72.643|626.0657
168|0.2367|1.2128|36.9339|25.9039|14.4328
28|0.6067|2.4701|23.8852|53.9137|1295.1373
11|3.3924|3.776|74.3037|92.6184|661.9149
194|3.4877|1.1211|74.8039|9.0968|1037.3656
177|4.1767|4.0301|18.4054|14.1903|155.9857
107|3.9837|1.7665|83.7112|21.8148|1155.6752
247|1.2415|0.6703|52.6892|85.4342|36.267
155|1.0935|2.9231|42.4007|45.8665|689.4638
233|1.4717|4.9613|98.255|8.8133|238.1428
239|2.8451|4.3301|50.7368|64.5088|1036.4227
21|2.5811|3.5884|58.5663|99.9394|711.8247
90|2.4111|3.913|16.6237|54.455|512.6423
103|2.86|0.6466|34.628|32.0165|545.5021
119|0.8084|3.3109|55.3136|92.3078|1381.2489
29|4.063|4.9961|62.6297|61.9071|1010.7646
246|4.6186|4.6772|86.2318|95.6429|225.7274
106|3.6336|3.7074|37.0763|93.0507|112.6607
33|1.3655|4.2282|68.2169|4.0557|840.1258
249|2.5637|2.935|17.5036|71.3718|174.7595
87|2.7325|1.4195|95.9434|43.2599|1497.6696
66|1.2982|1.0744|11.4716|37.9412|754.3116
142|4.519|3.634|37.996|43.5593|504.6243
27|2.6468|2.6434|43.205|49.1817|1037.7216
220|1.2958|4.0455|21.8935|48.0495|821.4013
134|4.8863|0.0588|86.4888|52.2087|1333.8603
108|4.8455|4.7472|63.7674|2.564|467.5694
53|0.3466|4.5105|38.9957|47.6645|763.3604
172|0.0632|1.367|12.0722|11.1179|1466.3338
32|1.2355|3.5628|52.1153|78.7783|1270.0491
80|3.2045|2.3682|56.2829|94.1997|1320.8364
197|3.5875|3.9781|61.5896|77.6023|398.1175
166|0.9845|3.8722|37.8405|79.8583|1274.249
33|2.9328|0.4044|71.9356|45.8404|1195.5015
60|1.7067|2.6041|13.6301|49.5978|247.1935
175|3.8139|1.8416|71.273|21.6025|1334.9489
13|3.2872|1.8608|91.6786|0.1211|814.9282
49|1.2238|0.5014|19.1421|3.873|496.4232
46|1.1811|3.1326|68.4007|79.9173|1079.1114
248|0.0297|1.0766|38.5431|37.2592|1419.6781
91|3.7178|2.0505|30.0228|15.8845|245.8923
184|4.8133|2.7083|54.1757|31.7612|274.9261
226|1.8842|3.5219|51.1187|83.7085|200.254
9|2.3093|0.6917|79.7044|16.094|1176.3348
203|4.4402|2.3037|29.2831|8.3963|1290.0525
174|4.0191|3.5154|88.7041|59.2603|849.0896
207|1.7038|4.1548|25.0115|14.753|400.6478
76|1.1242|3.9946|75.7954|71.832|343.6179
242|4.2038|1.4345|64.9609|66.4084|1301.4936
196|3.5729|4.4177|88.3361|88.941|398.7436
149|0.1127|2.2546|93.9737|58.3531|1375.9715
215|0.2576|2.0962|25.5796|29.597|448.1195
195|3.9227|2.9257|17.7901|98.3995|781.2274
187|2.1555|0.2176|26.8829|77.8101|580.5167
48|4.9861|0.7145|61.8166|11.0242|1456.136
218|4.4517|4.2184|84.928|77.4399|1269.436
215|0.228|1.0846|46.5193|52.0659|1205.4639
230|0.3817|0.9556|88.1374|58.7298|1299.2462
53|0.5646|2.4552|60.5324|77.5962|1268.3333
124|4.3712|3.4647|29.602|33.6823|650.933
106|1.8434|0.7452|84.088|97.3735|1026.417
205|2.6411|0.51|29.4058|74.1785|1343.5656
51|0.7714|1.6506|69.5836|97.3596|1083.0365
137|3.7549|2.7881|86.1116|34.2459|1209.8697
136|0.777|4.2018|65.3737|39.7505|1268.9819
119|1.8382|3.7819|39.7992|72.1553|1048.9555
218|3.6524|3.214|43.5005|68.9335|920.7206
198|4.5857|4.8365|17.6557|74.6566|224.9958
141|3.7064|2.357|80.6158|7.8692|767.6453
140|1.6227|3.9673|73.003|14.5146|171.5052
249|1.4571|4.9488|96.8935|82.6764|394.557
91|3.3512|0.851|46.9467|87.6628|594.8201
18|1.5399|3.4206|57.9395|9.0804|1473.3757
127|2.8419|4.1862|52.9792|52.969|565.4671
66|3.179|4.1813|73.3236|28.7594|1226.2449
66|1.2574|0.1625|15.45|76.7326|218.4723
187|3.4083|0.9591|85.66|55.4514|1105.3385
89|3.4126|1.451|42.1192|41.252|468.1216
249|3.89|3.8379|21.6091|71.8335|79.5577
229|1.1146|3.7403|92.8599|47.061|480.0976
131|4.1229|0.2929|21.302|30.8314|45.7796
149|1.9786|1.2308|92.2856|22.6254|34.0177
114|2.3302|1.2551|12.8537|31.0097|1209.8
194|1.3332|3.4521|22.1588|24.1969|821.4122
236|2.0268|0.2187|52.95|45.2768|1316.368
109|4.2381|3.7489|43.1602|55.1986|609.8218
26|3.0913|3.1383|38.2114|62.4307|1045.24
111|4.0243|3.3068|28.6311|36.0871|1096.3351
88|1.8416|3.471|61.3953|40.4418|167.8865
205|1.4481|1.2311|60.4712|30.1431|523.6955
246|0.7538|2.6805|45.2169|33.8973|1167.7649
105|4.8044|3.2683|92.3988|65.8367|365.2411
86|4.6705|0.2978|39.7928|23.4775|114.4439
65|3.3588|1.6894|65.2713|32.3025|1030.8631
203|2.4594|0.1138|87.1337|89.8867|1129.8402
6|2.5746|3.2316|54.6509|33.6757|203.0106
232|3.6745|0.5352|82.0922|67.3509|1070.1279
55|3.6678|1.8553|61.6189|98.2965|139.2247
41|3.6554|1.419|87.6905|54.809|238.677
169|4.8234|1.888|52.6863|86.6373|817.0773
23|4.7984|0.7391|20.5908|65.3889|1007.2353
167|3.6153|0.7146|13.2407|95.9041|173.942
93|3.9464|3.0583|76.5132|34.3898|829.2403
75|0.7337|2.5677|52.2524|26.4668|517.3334
98|0.33|0.9045|44.0217|51.1842|481.1229
149|3.7844|2.6995|56.7286|42.7488|659.8723
160|1.7015|3.9432|15.8863|1.5029|412.1471
83|0.347|2.8025|90.9834|43.7141|1377.9352
123|4.0971|3.3024|70.1081|21.8669|830.5413
126|0.0063|1.2671|37.6456|57.7422|320.7353
167|2.2421|4.4432|50.5184|33.3081|966.855
68|4.3509|4.1254|54.3036|13.9042|14.6685
85|4.9934|4.1373|52.3906|16.0997|812.3112
148|2.5636|2.6967|58.1716|46.3065|1421.0897
63|1.2939|4.6229|76.0715|14.3901|654.2914
177|1.0993|0.16|37.7461|58.21|1406.8479
193|3.3628|3.7454|74.3399|6.3569|1214.5061
154|3.8031|0.224|25.8495|49.3253|325.7133
197|1.4901|3.9146|76.8653|17.1585|1431.8709
153|4.104|2.4767|93.9519|50.0763|248.6144
206|1.2655|4.212|81.9061|71.2146|168.7546
175|3.3556|2.4775|86.0728|63.2572|1074.644
67|1.5474|1.5117|56.0301|80.2742|1060.8549
86|3.9921|0.827|76.0612|42.385|1097.6798
184|2.3536|4.0172|66.9202|27.4683|792.5859
152|3.8761|2.4376|21.4697|91.8335|622.7741
197|2.3253|1.6684|76.7257|34.9431|594.6228
41|2.3177|3.9882|42.6702|27.0726|490.5596
175|0.875|1.456|99.2179|94.9209|733.4499
124|0.3125|2.1576|91.6567|24.7938|254.6557
17|4.7169|0.6834|63.269|18.4936|206.618
194|2.7174|3.3545|10.9561|50.5723|1054.5923
126|3.0468|0.3087|44.0453|63.1788|1253.9601
174|1.8411|4.8192|20.4621|88.1365|1028.5504
54|1.4342|3.2745|40.1633|6.7594|185.2653
25|2.0522|4.1807|13.6427|42.1943|491.2028
118|3.3912|2.7534|14.7491|12.8493|451.4117
11|2.347|0.6523|41.4626|37.0034|765.5741
173|2.3035|0.1661|59.1285|77.9371|428.5415
133|3.626|2.1031|71.7484|3.3071|826.3491
250|2.5803|2.8096|43.0524|88.0271|341.4938
217|1.6068|3.425|96.1694|21.2704|361.2916
187|1.4447|4.8622|18.145|23.5831|18.2981
35|4.4019|4.7452|48.6118|69.3688|1066.0975
121|3.1595|2.9708|79.0521|20.6621|658.3558
80|0.228|4.1618|13.8632|94.4763|381.6617
219|1.6138|2.9655|83.604|75.9892|890.7438
100|3.3079|0.6884|52.8147|68.3305|1451.5536
187|3.3645|1.5313|51.6471|38.2898|60.5462
250|3.7023|1.2603|57.8902|42.0492|332.8144
20|0.7154|0.478|25.017|68.2121|582.8062
124|1.7981|4.1062|55.8365|35.367|878.5986
111|3.9017|0.4653|15.3587|61.2601|715.9303
134|1.0777|3.3943|41.9851|5.4022|693.3085
104|4.8549|2.4593|17.2799|63.401|1149.0681
187|4.5737|4.9464|55.3661|32.2483|446.1406
109|3.4362|0.5916|32.0988|34.5594|506.0332
83|3.816|1.1455|27.4284|62.1697|1009.9937
108|1.5125|4.6641|26.6509|9.4497|1073.1262
169|0.8279|0.171|69.6701|80.2274|1015.3377
214|4.5173|0.3459|57.9477|45.5523|1277.7183
6|2.1204|3.8978|51.7663|51.932|434.1837
204|0.5708|2.0611|54.9138|54.5076|102.5707
43|2.8857|1.9879|89.4508|63.7885|1163.7974
246|3.8671|1.2441|26.3418|50.2411|520.8107
61|3.2249|1.1159|76.6365|60.7994|541.197
17|3.49|1.7114|27.053|5.1689|673.9238
199|4.6574|0.7696|80.6379|50.1816|0.994
77|4.44|2.3267|70.2602|81.3091|11.8714
59|2.6838|1.1936|58.3045|7.3676|1135.1734
131|3.2331|1.5629|40.5039|31.3854|1234.4729
153|0.8772|4.1805|26.6641|49.5804|1343.4944
85|0.5764|4.4905|56.7944|14.9667|214.7941
5|1.7875|3.8233|55.7002|49.4872|653.0576
12|0.4031|0.612|78.5152|96.8745|725.4392
249|1.4967|0.4801|11.2715|77.1749|152.3687
218|3.9305|2.4053|52.4913|72.8725|167.4945
87|4.8848|4.5834|72.5427|57.3235|679.2181
245|0.453|1.2334|14.4107|67.0071|1153.6746
15|1.5845|0.4304|32.1612|81.9856|1413.926
57|1.0478|4.2801|79.26|91.7036|517.0983
109|2.192|2.3363|15.766|63.7842|443.8068
91|3.7314|0.7966|47.3609|83.3013|497.6186
86|1.1951|0.4494|35.7046|14.4141|1375.6721
190|2.1055|1.6638|14.7513|87.2529|393.3088
215|2.7281|4.3989|81.5978|16.4293|1026.661
192|2.0627|2.2225|42.2163|23.1758|452.5323
49|1.7474|1.3329|58.267|95.3472|52.4712
108|3.8156|1.0347|14.4255|39.9257|1436.638
92|4.8353|0.6469|74.0201|75.1013|1048.0545
226|4.7452|2.7353|33.0666|36.0131|312.8861
125|4.1257|0.1573|53.127|1.1223|1036.4994
129|4.1068|2.1414|52.8081|32.4794|1200.4834
173|0.6773|0.0526|10.0696|39.531|251.9572
205|4.7827|0.6183|92.826|81.7027|886.2039
150|2.8353|1.1997|27.145|26.6571|1480.7021
119|0.7318|1.2533|25.7374|7.2724|1081.8641
51|3.4169|1.9292|59.7465|93.7451|128.41
78|3.1441|1.8876|99.3554|4.1201|990.5206
3|4.9972|2.0447|93.527|42.5728|448.5703
129|2.1323|2.1461|75.589|60.2147|259.3985
67|4.6018|1.3733|27.0611|20.2306|933.7879
79|3.4009|4.3438|70.7798|94.7249|888.1493
79|3.9719|1.6353|60.9795|66.6877|1401.5793
136|0.485|0.5412|57.0555|65.6162|423.8787
72|2.8472|1.1734|53.3452|4.5182|1193.7039
203|2.8593|4.9744|14.9735|45.7178|1171.4645
229|1.6685|4.262|81.575|67.6432|649.1016
46|0.2867|1.4927|12.2184|96.5249|530.4056
39|4.5946|1.2846|97.8711|90.9729|469.5977
72|0.4544|3.9067|86.3888|4.7413|609.6563
223|1.6989|4.7293|87.5063|49.1032|945.8399
13|4.7043|3.1304|64.8251|3.1081|1089.9876
207|2.1473|4.2674|81.3647|88.2926|378.1321
103|0.8496|4.8777|77.8609|27.6384|711.399
231|1.3495|4.1613|25.7446|43.6204|1022.4127
231|3.997|4.958|61.068|81.1953|608.6358
47|0.8138|4.2939|62.2543|26.5357|890.9198
72|1.1016|3.9336|75.1805|39.0509|586.3714
51|4.506|2.9379|76.0281|35.3637|112.086
191|4.2168|2.3892|72.1315|25.5637|921.2046
176|4.2594|2.5267|87.1117|42.2076|539.3503
196|1.0259|2.5122|83.2766|3.9156|614.9151
3|0.5503|1.7044|46.0667|60.2265|936.6736
222|3.8531|3.8183|74.6657|66.3872|1319.2181
122|3.9936|3.5807|55.1546|89.7005|1372.0213
189|2.844|0.607|29.0644|11.5332|574.1478
170|0.1065|4.0895|55.1072|49.8594|981.0447
144|1.4082|0.6834|14.8988|21.0217|301.509
22|2.5478|3.0415|55.7867|98.1139|263.7153
194|3.4769|3.5765|83.7923|39.0709|719.2454
7|1.8903|1.5975|70.1744|84.1268|1393.0245
31|3.3109|1.0385|22.3693|17.3476|993.7765
93|4.9177|3.4832|56.1302|74.8154|36.1649
146|1.8009|0.6509|15.5189|45.4552|157.0094
110|3.1082|4.8556|72.1923|62.7218|661.0047
154|0.1804|2.6168|81.7961|62.0683|693.6714
69|0.6316|3.1872|73.7721|30.7591|1293.3011
144|1.0659|3.995|95.9624|82.0001|159.766
241|4.7698|0.4838|38.6017|13.0627|201.5341
58|0.5899|3.0591|94.3015|3.0498|1457.9936
218|4.6594|2.7175|98.2508|97.6927|352.2425
25|2.6078|4.957|47.37|97.8238|1173.5388
73|2.9189|3.8531|57.9826|27.6956|1156.0552
162|2.0045|4.2961|54.3851|44.9414|897.9188
234|2.453|1.2048|89.2809|14.1015|324.7887
119|3.2098|4.4195|79.7321|17.7875|450.926
33|4.6114|4.3342|60.4532|6.2026|1163.2424
80|3.7526|4.6535|12.3758|35.9489|866.8165
94|3.1516|4.2565|70.1989|48.8026|1248.7279
249|3.5485|3.2509|29.1411|50.2221|888.1154
189|1.8233|2.2455|84.8969|37.0624|742.2431
100|3.2618|0.5039|43.2765|56.4415|1125.2659
105|3.9513|2.9647|81.2705|30.9971|1006.154
153|2.3496|0.4466|57.9492|95.1013|1002.7297
77|3.4162|2.212|51.9245|56.4175|720.7086
105|1.7759|2.3743|36.5476|64.3975|916.6765
162|1.3467|2.1782|37.2318|87.6612|304.2539
250|3.0209|2.2521|69.3818|63.0444|288.5312
225|4.3834|3.9591|19.2782|34.316|383.1147
145|2.2682|1.1051|61.7645|94.8581|1061.3059
105|3.6345|0.1283|89.2957|9.9415|1199.249
120|3.7222|1.7895|25.0096|21.4726|1050.0317
98|4.1069|3.646|77.3386|50.1996|950.3618
143|0.6636|4.8604|51.3785|41.7224|433.083
159|0.163|0.3251|86.1093|94.1102|352.7352
100|4.4414|0.5322|75.4769|77.8932|739.593
56|0.8908|0.9039|40.2261|59.5762|829.0989
224|3.0633|2.1551|27.2683|1.3978|1290.4928
122|0.5555|2.571|87.1754|6.6647|136.2917
65|1.8434|3.9047|44.6217|70.9984|1113.4023
120|3.9553|4.5546|39.6287|13.3526|915.3926
227|3.9725|4.6467|42.7152|33.8512|1463.9343
111|2.0461|1.5526|18.6977|29.2132|1291.9074
191|3.3122|3.9141|81.3088|97.2215|650.9776
197|1.2267|0.7142|25.0891|8.4751|796.4883
151|3.0006|3.9781|67.596|8.439|568.0164
199|1.9795|0.5627|20.853|18.2061|1461.3954
18|2.9021|1.8886|36.891|81.9524|1328.8959
2|2.9659|0.9251|14.0687|81.2348|671.0441
116|2.657|4.9017|29.3381|93.992|1484.9791
124|3.5055|2.8253|62.9169|31.3176|1404.7465
156|3.1386|0.2924|48.1636|90.1025|1024.6947
106|4.107|2.4425|32.7504|9.0448|650.9719
207|4.282|4.2023|18.1289|58.8748|732.7004
9|4.3883|4.9485|39.7629|81.5877|42.6409
74|4.2815|0.8812|93.156|37.5111|1054.6508
250|2.8966|2.4242|27.3258|2.9888|1143.403
167|1.0296|1.857|51.4413|58.2837|1481.7023
11|0.8612|4.1825|30.8074|37.2827|1173.3556
221|0.0019|3.603|57.883|87.9704|1387.4262
173|3.7115|0.2647|53.5918|14.5951|782.6228
194|2.2304|3.7561|30.9263|23.189|665.0854
235|3.3962|3.5304|70.9514|0.8064|644.8129
236|2.0468|3.533|34.7535|16.7732|1123.3619
67|4.0395|0.5059|50.3743|76.2397|1315.0565
229|4.7625|3.5396|61.2083|17.07|1365.4682
166|1.3318|0.2729|38.5001|53.0924|63.0032
157|2.687|0.6363|60.153|68.4176|459.1644
68|2.7367|1.7227|61.2934|13.5419|1359.0699
89|1.2119|4.3426|72.2805|12.9803|696.2054
228|0.946|4.6124|42.3844|65.4202|838.958
232|3.0525|3.2223|70.5018|76.9798|369.5258
73|1.3221|1.7072|27.1089|26.7147|334.8822
131|2.854|1.8144|83.7448|98.0808|1260.6515
228|3.6105|1.5899|51.281|53.6822|981.2843
201|4.2373|4.5329|69.7494|42.0897|1020.6963
197|3.3936|0.6474|57.2564|40.1809|1214.0598
129|2.3868|3.784|65.7092|64.3862|810.3563
13|2.2695|4.6889|11.1019|5.4874|1112.4876
86|0.441|4.3749|21.2372|97.2424|784.5122
68|4.757|1.7868|64.4516|46.7039|836.5397
224|4.0769|1.2155|86.9295|36.4757|611.4679
114|4.3235|1.5687|86.6829|49.8181|1373.926
125|0.5292|2.9693|40.2877|72.8021|1452.2771
103|2.9503|2.986|36.4672|10.2748|160.106
228|3.3551|1.4136|96.3141|12.0966|828.7846
233|4.7422|4.4284|20.9875|23.1593|1069.4101
26|4.9492|0.5795|60.8222|34.7915|1412.9345
98|0.9986|3.0351|39.5068|52.9534|620.2067
187|1.4597|1.0474|30.7337|53.9295|1377.3485
242|3.7506|0.344|58.1435|32.5395|201.9881
169|2.4564|2.5294|11.2116|3.7237|811.5823
4|3.829|0.0229|62.5494|30.2654|1078.3974
30|1.9261|1.4288|44.6968|5.8212|208.5309
191|2.1564|3.9766|27.9036|14.4031|873.8076
228|2.7569|3.1611|71.9115|82.5512|481.8665
13|4.0206|4.9782|70.0331|8.6558|37.9334
240|0.2048|3.2419|34.2541|46.825|1273.6432
45|3.8219|0.5133|77.7669|20.7178|1006.29
68|1.2968|3.5811|73.8124|48.8345|1056.4247
55|4.6044|3.9829|64.7698|95.3882|813.1359
2|3.1956|2.5635|62.912|51.9353|1081.4838
122|0.89|4.5133|16.3049|7.3804|1472.1579
34|4.5581|0.4511|83.1918|23.7905|837.7801
61|0.2274|3.5181|23.8969|93.7766|1232.6778
168|0.0038|1.4686|57.5925|92.3883|1288.4635
50|1.5081|1.2478|58.5086|29.9981|457.1626
10|0.951|4.2239|81.1247|3.709|1133.6442
151|3.7153|1.7643|54.7646|6.0034|163.7774
241|4.1227|4.788|22.5877|19.2086|1366.29
138|2.9533|0.6708|11.2307|80.4633|25.7567
76|2.0204|0.5633|10.0767|78.4406|823.5069
143|4.1079|2.6073|86.0701|2.6892|950.1818
78|0.9419|3.2977|16.198|64.03|216.5538
19|0.4085|4.4936|37.7554|89.4797|9.4324
165|1.5957|2.1434|73.6003|85.9897|1104.4372
193|2.2548|0.7704|32.6815|5.583|1200.0322
33|1.7079|3.5627|48.9575|43.3441|1305.2926
5|0.4426|0.9382|17.1754|54.2645|287.3673
87|3.1051|4.4096|94.92|98.217|1294.6502
18|3.7131|1.1549|94.2358|83.9616|273.4032
102|3.7373|1.0991|35.8247|54.3221|1122.2704
123|4.8183|1.1011|94.9209|76.3355|1169.6824
180|3.0807|4.3512|27.7999|78.3854|1086.5522
200|0.5414|0.6532|52.1618|1.1763|850.9121
211|4.1586|1.4805|51.8539|76.063|421.2655
174|4.1094|0.8414|46.089|59.1417|685.7778
191|1.3534|4.705|74.1068|37.2496|1360.7128
140|1.2823|3.0312|81.3798|69.896|338.6525
164|1.1205|4.9366|86.4764|31.6814|859.6355
90|2.8193|2.2464|56.8211|49.79|533.115
104|4.3766|3.2621|45.9112|3.9718|85.904
220|4.0523|3.4223|23.8948|27.1255|1296.2702
161|3.3155|3.3857|72.7622|88.2065|509.5186
206|2.336|1.1911|26.6473|67.9592|227.8908
223|2.1256|2.3418|39.8274|32.0617|1420.5957
172|4.3843|2.3572|62.1567|85.5431|1458.6089
79|2.2393|2.9885|40.9365|64.2439|77.6352
0|2.3163|2.7505|90.1975|77.4071|1027.1663
192|0.5001|2.994|93.2047|91.2339|1282.3562
52|1.1441|0.1732|53.2311|28.0616|1171.991
221|0.0807|1.5766|40.3499|4.1523|1464.5903
145|2.8701|4.0073|42.6791|91.8443|469.3268
134|0.4906|4.3693|19.0432|16.9463|1089.0046
122|0.5435|2.8519|67.32|12.3232|584.5073
155|2.6132|1.6314|14.6524|81.3948|1177.2921
78|0.8718|0.6387|51.8419|52.8843|577.9071
121|0.3939|2.3898|23.7034|78.5938|932.2631
250|1.4326|3.0791|99.3172|82.0803|664.6476
200|2.0227|1.225|46.3701|18.3937|942.7318
177|1.1968|2.6008|88.0237|61.6402|152.4597
86|3.268|0.2345|78.4679|81.0664|817.0396
131|0.569|0.9102|26.4851|10.032|183.205
142|2.2964|4.1832|60.9985|57.982|1385.5167
208|4.7788|3.5409|64.5322|78.6227|1110.7209
173|4.5527|2.1729|92.1504|99.344|263.0962
46|0.0622|1.0691|74.1508|32.4055|102.3582
195|4.5658|3.4539|39.704|76.0711|506.8839
16|1.4119|0.9645|27.2158|98.9112|939.8686
107|3.5692|4.767|50.492|70.1802|668.9361
20|4.5129|0.5245|68.3881|70.2736|896.3172
36|3.6145|3.1189|77.9075|48.2342|754.9834
74|0.7405|1.7367|52.9702|9.7425|1279.8388
106|0.9964|3.3514|44.5777|62.8494|484.8747
129|4.1467|2.3418|35.3609|61.373|1074.0069
12|1.3285|1.1692|28.3706|55.1376|553.5155
76|1.3888|4.1958|21.7703|62.44|1168.4292
39|0.1228|2.272|97.5445|55.2428|368.5104
250|0.9007|2.4996|42.194|23.4756|383.0996
131|4.0393|1.6182|14.2958|1.9842|1290.6351
228|4.3076|0.1906|20.3451|97.1116|225.3283
134|3.2537|0.8957|89.7875|23.1526|792.4783
202|0.0016|0.3387|79.5593|97.5636|389.2951
149|4.9439|2.208|98.4608|47.6232|276.8602
170|4.1105|2.1887|43.3982|13.7867|1436.837
157|4.6154|3.1027|48.2808|23.2037|1075.5406
213|0.031|1.569|48.7173|53.5981|611.3909
250|3.2665|4.9211|10.7168|9.6795|119.9985
190|0.4426|4.1046|69.6311|99.9675|1026.6667
90|4.3454|3.1281|10.6871|95.2869|273.755
35|1.7996|4.6278|70.0905|15.2228|171.539
54|0.0707|2.5321|54.6655|6.0217|863.8325
231|4.9421|2.2677|14.8763|76.6171|1498.52
155|2.4871|2.7381|98.4198|60.1825|1326.0148
98|4.1317|2.1173|55.9666|12.27|1334.8932
70|3.9251|3.1588|61.649|70.4557|947.1782
179|4.8379|2.3434|62.2846|65.2728|25.3058
41|1.442|2.298|56.3084|95.0581|834.991
26|3.9774|4.2637|98.258|59.6476|202.0014
46|4.4613|2.0753|98.7108|34.1994|1246.3326
157|4.0206|1.5496|56.4276|49.8313|1035.1392
205|2.2778|4.3049|10.2461|1.6248|40.1624
94|1.3742|1.2261|55.8546|36.6655|897.9494
155|3.3857|3.3983|28.2906|33.8756|71.6993
74|2.8231|2.7937|26.0087|86.8241|1135.0639
126|2.4943|4.55|71.8937|79.2885|929.9056
168|3.2777|3.1099|68.8166|86.62|25.3419
62|0.4844|3.2061|26.2416|64.8057|74.2491
197|2.992|4.4952|12.9599|37.1962|737.746
53|4.5628|1.3638|77.3543|55.7425|1477.9727
0|0.4824|0.6717|84.3688|26.3171|1379.0223
136|0.7593|2.1394|78.5439|42.4575|1200.8641
178|3.2535|2.5845|52.6531|55.1994|151.5166
26|0.7737|4.9752|20.0923|93.3028|397.2058
217|0.663|1.6831|87.8101|52.7646|479.7491
105|1.9705|3.0578|71.4721|20.1232|1497.1908
219|2.9759|2.8157|33.4169|6.8218|876.2756
82|0.4657|3.6831|23.4206|44.7719|1387.8911
160|3.5917|2.6825|22.155|9.3554|109.7689
229|1.1972|1.5527|90.1642|69.8351|182.5507
162|0.0281|2.4255|76.8896|52.8335|1206.6818
201|3.9542|3.0129|76.9515|38.191|699.9227
159|1.1901|2.4869|68.8415|5.436|681.5917
18|4.1529|1.1648|79.0715|74.1568|1493.0526
44|3.6377|4.8232|31.755|60.5908|135.9043
172|3.8898|0.102|13.2087|92.1452|1483.886
3|4.5307|1.6487|61.1851|71.5436|307.8327
248|4.8465|3.5965|64.5765|83.1725|167.4246
123|2.1758|2.2461|89.0389|72.3893|506.8614
227|1.7336|2.8634|34.5228|2.569|405.6457
94|1.7533|3.4092|86.691|6.1547|1041.348
80|4.0114|4.3059|65.1598|93.1529|1185.4777
46|1.4492|2.8517|72.7816|47.217|837.4279
153|0.1235|4.4706|45.69|19.4403|1170.0563
2|2.8626|4.2256|34.2237|46.8679|679.5777
58|0.1743|4.7151|10.6733|89.142|553.9813
126|2.6989|0.0556|71.3074|92.3341|159.2906
203|1.8972|1.4934|84.6474|29.5613|749.5081
182|3.9767|0.7562|12.5623|99.8926|391.5221
181|4.0158|1.0615|71.692|35.5729|1053.8395
69|1.9967|4.0838|23.7597|57.1448|927.549
43|1.8733|0.6501|99.2812|85.6051|725.5541
128|2.3464|3.5312|80.0874|49.365|1083.0217
122|4.7856|0.4915|95.1279|43.5525|1171.6919
110|1.9766|3.5054|45.4007|65.8711|214.6967
123|4.4491|4.9357|55.6245|72.7997|1287.0475
0|1.6549|0.921|10.8096|48.5996|679.2426
51|2.1903|0.8438|38.0782|28.6638|382.5146
95|0.0638|0.5701|37.9712|55.4452|178.362
106|3.0522|0.1487|69.5822|88.5974|1266.2727
176|1.2879|2.0069|96.395|81.3532|1145.3834
236|0.4481|3.2849|32.0525|32.8598|181.5929
72|1.5197|4.1476|83.1337|27.0247|6.7636
161|0.0569|3.8588|47.9572|77.035|62.7922
54|4.5812|3.8447|37.6522|8.3865|914.7817
129|2.0079|4.9247|31.1754|44.4299|495.939
32|0.2961|2.5189|33.3095|24.8166|1118.0002
130|2.8286|1.7313|29.833|15.5821|723.841
141|3.6437|3.0083|59.6346|55.5588|1051.7568
236|1.5978|0.5908|19.4209|75.9464|1129.994
229|3.4169|0.8611|57.5591|61.0284|883.534
217|4.7469|2.6051|49.6068|45.9155|235.1465
230|4.0097|3.8955|54.7243|92.0736|861.7751
140|4.9817|3.7379|73.8179|13.4282|901.7926
133|4.5506|0.1067|86.2483|50.2888|967.7771
107|1.765|1.0605|40.5094|0.5042|1065.6093
180|2.4509|1.4032|87.6736|21.2844|29.2065
101|3.2833|1.6539|27.6039|68.913|191.1338
190|0.3165|3.1257|45.6846|67.8771|1430.3214
195|0.8883|4.4387|52.2371|62.0877|998.944
172|0.4935|1.8681|32.4039|56.9309|232.3575
3|2.5045|0.9834|43.6306|74.5802|419.2152
235|4.1841|4.9042|16.7963|16.543|1136.386
95|4.7625|2.7986|41.3276|31.0739|1432.696
11|0.1392|0.9082|71.1532|99.1352|1440.1662
240|0.495|4.6039|36.0599|19.4375|1288.174
83|1.1867|2.5519|59.5768|58.2827|524.7288
115|1.2069|1.2563|55.1308|75.5388|757.5605
85|3.3381|1.4387|22.7375|51.6852|987.2719
102|3.2826|2.7579|95.6222|66.1741|297.8323
112|1.1619|0.0767|83.268|39.3489|678.5724
239|4.8979|4.5762|12.9266|63.9626|843.1582
101|1.8381|4.1216|98.3833|86.0562|1237.3454
19|0.5873|3.5034|79.5125|83.1132|598.2722
185|1.1996|0.2419|24.8917|51.5175|1100.1585
234|1.241|4.5293|74.9039|63.5795|611.9581
33|2.29|1.1655|55.1481|14.1753|1040.094
52|4.5721|4.1151|79.1478|43.417|794.8561
111|3.2646|0.6141|77.4963|66.4743|647.4498
205|2.1682|2.4496|40.874|20.7518|713.7081
243|2.8778|1.6174|72.4671|50.4568|178.1359
184|4.2733|1.6372|43.3825|94.661|784.8309
108|1.0098|2.5245|22.3775|78.1271|1109.2789
175|4.1685|3.0637|96.4862|94.1524|780.6407
183|1.367|2.5256|35.663|81.2858|1026.4731
160|2.5093|0.5954|97.6631|53.0181|102.5633
26|0.4206|0.7665|75.7991|22.1812|436.522
179|4.1481|2.4048|37.1598|70.2543|395.9881
59|4.9842|0.2462|38.5863|2.9188|1492.0451
162|4.1238|0.2895|40.2486|16.4187|1379.5195
230|0.1441|0.4136|37.9672|67.5315|364.0772
60|1.0192|1.139|61.9787|3.5835|629.8474
228|1.9372|3.5575|63.8338|82.9509|12.1126
0|0.5525|1.7759|57.5637|65.3746|1261.6943
47|0.0297|2.6528|79.4562|24.3722|591.1582
238|0.4627|3.2687|44.3288|90.5581|891.7826
240|4.9746|3.3834|51.0636|4.0937|85.3358
53|0.559|4.5006|17.1313|49.9229|1163.5775
126|0.4611|2.1061|95.7551|85.622|1044.6662
231|0.295|2.9344|63.1345|27.6809|1145.6014
168|3.8279|0.9396|96.5408|76.0289|911.7515
55|3.6576|0.0359|56.4317|1.3353|418.9084
231|0.4886|0.4669|16.9779|36.1338|862.5832
96|4.1352|3.3835|85.032|75.4726|594.6198
176|4.9101|3.4405|65.8077|86.1306|1374.5114
177|2.9332|0.6708|82.3867|2.3522|1409.249
65|3.5038|2.5426|31.5298|28.2926|1429.3667
249|4.2775|3.146|70.7137|1.4696|379.7559
23|0.3344|2.7459|69.8876|90.774|591.9939
132|1.0539|2.1016|24.9911|76.6402|410.846
37|0.374|1.4786|42.627|19.9918|1102.5955
184|4.2989|4.4201|42.6231|78.157|326.3083
137|3.3697|3.3569|99.1689|21.1264|624.5754
61|3.7543|4.975|67.4441|99.5308|296.5141
78|4.5821|4.5415|31.213|92.5134|673.8732
120|4.9898|1.7505|17.4639|40.726|1382.8103
24|2.8985|3.5515|39.812|72.854|480.2587
240|4.2289|2.5749|49.6196|76.5054|1071.7952
49|1.6194|1.8545|44.9635|10.2801|1463.6784
162|0.8425|2.8905|13.1234|92.7229|1151.639
136|4.8883|3.5724|87.3788|61.2638|590.3819
87|0.5491|0.9917|69.0187|19.0406|144.0529
221|0.2648|3.8298|45.8363|27.7301|454.4575
123|3.1115|0.5187|29.6029|0.3482|849.2661
31|0.5548|4.4799|29.8516|37.4171|1467.0189
177|1.9174|1.5178|15.9049|68.2863|205.6594
77|4.5959|2.2122|45.1308|8.925|1276.572
52|1.7818|2.4567|15.7927|41.8776|466.667
239|2.8311|4.8921|83.2184|2.16|326.8316
25|0.7291|3.0484|88.697|40.4557|999.9296
106|3.7563|3.6499|65.973|3.8996|945.2308
63|4.6581|3.7809|95.0296|72.406|965.0197
35|3.0627|1.0152|53.8221|82.8361|851.3328
64|1.8099|2.12|78.6062|68.8557|1321.9199
112|2.0534|4.3677|73.2314|88.0443|835.0035
84|3.7847|4.3856|37.3974|54.7005|1468.6548
227|4.4411|2.0218|87.4722|32.3442|1054.306
103|0.566|1.8804|63.3179|86.9456|683.1194
185|4.6684|2.9925|95.3509|1.5508|219.0825
91|4.083|1.2216|75.3572|4.551|1359.9599
28|1.919|4.7976|72.6678|82.9535|1178.4581
79|3.1776|3.2967|65.4742|13.3651|1081.0777
194|3.9833|3.2773|54.6073|46.3137|1288.9055
168|1.4651|0.3978|24.7657|12.1673|729.0433
213|2.7779|0.7592|99.064|83.4185|1026.9187
119|3.8803|3.497|36.2334|68.8224|52.9218
107|0.5217|1.4568|47.1968|72.3673|637.4294
198|0.8581|0.5973|52.1958|62.8462|1262.9364
224|3.0076|0.1295|33.793|82.6888|614.5922
26|4.1853|0.02|55.7481|79.9444|126.1592
207|4.8814|0.6239|93.4047|33.1969|1350.8863
52|0.0971|0.1922|52.5025|37.5595|921.1406
13|0.5387|0.9041|43.7197|12.1199|1381.6129
65|2.1414|1.0397|57.9709|58.0795|880.6301
145|0.5359|3.2874|36.2565|27.4747|312.7408
102|4.2415|4.0947|86.7919|67.918|171.4242
211|4.9828|1.7925|61.2631|78.432|964.518
12|1.9106|2.7226|72.8392|19.1069|1405.2469
32|4.1829|3.8466|78.2776|86.5339|1065.0669
130|0.7948|1.4173|70.5303|54.6966|1358.5661
23|3.7222|1.1275|16.2515|14.0335|144.3021
44|3.8019|2.1411|11.1|13.9842|551.6402
91|4.7995|1.5983|46.513|90.3594|436.7173
109|2.3468|0.3795|95.6521|29.403|1092.9251
157|3.9559|0.2242|91.3329|79.2481|1130.2357
241|0.6347|2.9488|65.1702|39.0197|934.3297
19|0.8336|3.3938|36.1928|87.2719|1101.8973
135|0.5648|1.7456|64.3733|26.4822|675.668
245|3.3989|1.8025|77.2918|0.3761|1257.8786
101|0.3633|2.3481|50.8062|86.4856|64.2552
219|2.5453|1|57.5496|59.8515|533.9165
33|3.7705|4.5734|38.6058|36.4129|1481.1073
65|4.2133|2.1629|21.3778|33.5743|1008.8889
204|1.0503|4.46|17.3748|65.5959|806.2608
112|2.3087|1.6784|36.5201|91.3549|355.3783
79|2.2425|2.3302|15.1366|36.0473|355.5993
165|0.2734|4.5633|69.5766|55.3584|1.2347
177|3.5859|0.7326|53.5226|95.0778|646.5445
110|1.803|3.4778|23.8321|40.4676|1286.4777
245|2.2001|1.957|26.5541|10.0988|297.7462
35|3.8233|2.978|57.0927|77.0139|941.4052
42|4.6923|0.897|47.9475|52.471|444.814
1|4.9832|4.705|14.8095|77.3953|123.0623
231|1.4868|0.3839|99.3713|82.3069|764.8352
218|3.2589|2.1887|22.6685|55.2801|387.9371
49|0.3816|1.7542|37.4496|19.6837|515
157|2.3768|2.6268|87.1281|15.7175|1095.0203
36|4.4417|4.1118|85.0803|19.0878|900.0089
227|2.6995|1.5424|77.9238|52.1673|1268.6221
218|2.0205|1.449|46.3694|49.9297|1339.4987
199|1.8623|1.572|37.5431|23.8356|960.7149
103|2.2843|3.2821|44.5977|36.2315|938.7315
208|1.7366|2.9393|45.899|43.7501|556.3751
63|3.7563|4.8538|31.0426|97.1061|1169.0398
173|3.9919|1.6484|88.1516|51.2026|722.3243
181|2.9325|2.5495|59.6338|39.6592|1292.9332
119|4.1893|0.4822|55.8034|16.312|629.2747
199|2.8387|1.3971|78.9109|52.7103|7.9894
30|4.7523|0.3949|20.937|55.4933|410.4912
173|1.8984|3.1819|10.736|86.3978|1328.6223
223|4.4892|3.7904|88.7488|7.0832|859.5033
134|2.3089|2.5069|19.1979|76.1539|1222.5818
140|3.573|1.3675|69.9408|54.6337|937.9924
215|3.7021|2.5258|48.7277|38.3637|547.4913
246|2.5919|4.0332|13.9562|50.7516|795.0604
217|2.458|0.0804|84.1017|71.9671|857.2546
224|2.8819|2.3749|37.9415|54.1148|1281.8187
28|0.8539|0.9338|31.7841|58.2428|536.8969
54|3.2701|4.5213|34.1628|82.1034|876.1223
171|1.6556|4.1974|86.0288|79.3442|664.6204
72|1.0812|4.0144|23.2316|20.5037|337.4858
8|0.7086|1.1621|65.7596|46.2209|864.6056
134|1.3509|1.2464|55.4683|79.7792|26.6684
75|3.6176|4.9418|58.7177|69.94|845.6398
107|2.6964|4.0642|38.8507|21.5968|1118.3207
56|2.6497|2.4889|14.0585|39.0217|754.181
15|3.16|0.2939|48.1479|90.3362|1437.4455
224|2.76|2.5263|84.509|23.8527|917.9454
230|1.5603|3.3349|41.3828|4.7591|558.7887
12|3.0469|3.5468|66.2569|23.965|783.5251
156|4.5874|3.8546|21.7875|23.863|1413.5316
197|1.8174|1.0707|19.6263|58.7188|444.056
127|2.253|0.6402|50.8548|55.8061|1122.5768
6|1.3301|2.2058|51.7105|1.2421|722.1713
195|0.3377|3.2097|98.6151|29.0304|1006.6493
50|1.5986|1.1246|50.3667|72.0701|957.4175
142|3.8002|0.3164|43.4521|21.9997|667.4851
154|2.9641|4.9411|27.1002|91.6257|690.2102
1|1.1868|3.4323|85.5424|24.0762|1131.6486
178|4.8695|3.1362|49.3064|35.5793|1143.165
222|0.8938|3.4125|15.1708|17.5346|904.8069
38|2.8782|1.497|57.6992|83.4452|696.3466
98|3.9962|3.6811|29.587|64.5564|115.9074
69|2.5696|3.1423|21.4547|70.9317|222.5046
211|1.2395|4.865|39.3168|31.4371|1334.9914
213|4.9939|1.5887|64.3974|32.0866|411.4141
128|1.1746|4.2257|68.4347|49.3016|180.6151
165|2.9318|3.956|88.1228|3.4779|875.3818
226|3.2193|0.2763|27.6008|4.9575|1488.6777
241|1.1913|0.0374|52.7771|31.6676|1118.5817
209|0.4794|3.6194|80.8285|81.3408|42.4535
45|4.5776|1.4951|20.537|7.0502|849.7676
45|1.9936|3.5201|41.0303|87.9852|368.7741
105|0.3294|2.5219|96.6235|83.8615|1250.6337
12|1.7975|1.8569|20.4071|14.2362|1309.5712
75|4.3825|4.9848|14.152|71.9428|761.121
178|3.3857|3.4962|38.9666|28.253|549.4118
68|4.8421|3.0418|53.7871|31.9892|1259.6503
41|0.6263|4.7236|27.6342|84.4877|960.7515
37|4.8049|3.4427|99.2004|25.3805|1117.7147
69|0.788|2.2182|12.5559|10.5411|688.12
235|2.5286|2.4072|42.9509|57.3167|708.6018
130|2.2634|1.1579|61.2881|50.3761|1005.3414
217|2.5573|3.3485|59.7882|74.0217|75.2162
236|2.0974|0.1066|55.9031|53.3067|1101.983
134|1.7625|2.633|79.9183|52.8794|873.2429
99|0.6572|0.9222|73.5626|60.7583|1121.0467
114|1.695|1.5118|50.3815|0.9545|398.1596
206|2.2625|0.6691|79.2778|32.549|1330.1595
12|0.7482|1.813|30.8767|99.5983|654.6217
23|2.7796|2.5113|66.4656|68.077|1151.8919
161|4.9755|2.7124|42.7299|68.8095|1130.0927
180|4.9125|1.8591|23.5842|10.5061|21.831
30|1.5256|4.2095|44.518|96.2462|980.5508
86|1.6192|0.5043|25.4044|76.0149|159.1059
179|2.1896|1.7616|48.398|14.8319|1057.677
39|2.0389|1.5369|54.2222|97.8701|446.8175
110|1.5362|4.9968|54.8141|93.1021|982.4518
86|4.391|4.8132|46.9729|13.8077|1012.3114
154|2.7099|2.4189|80.6702|56.6134|1092.3942
171|4.8668|3.3931|40.0688|60.8205|529.6163
98|0.3122|0.187|90.3969|84.1037|448.4139
188|1.6537|4.2553|78.2869|97.7461|1113.4186
165|1.1475|4.781|61.3958|73.5793|1369.3492
116|4.481|2.8343|44.8176|54.8178|606.5473
16|0.5221|1.8485|88.3429|21.6293|1055.4653
62|2.3576|4.5813|63.3417|20.9252|1137.0007
49|0.8024|3.4766|12.9521|52.0571|1419.2434
209|0.3095|3.9322|20.2868|14.7084|1463.616
124|1.2664|2.4168|82.9486|45.3747|1267.1128
62|3.0999|4.1365|36.7152|80.4294|145.2085
13|0.4537|0.7186|76.1359|76.5901|558.1424
207|2.3417|1.2237|79.9203|94.0583|768.6602
176|1.7526|3.9008|91.0171|45.3493|1169.2585
136|4.812|4.4422|58.9657|85.1147|1376.9476
184|4.0307|2.0383|23.8938|2.3512|499.8024
101|3.0504|4.5419|87.5374|98.1502|480.6122
35|0.7647|4.731|66.6767|33.6909|853.9218
154|4.7222|1.9265|92.631|96.5105|660.0921
75|2.9639|2.7336|74.6011|58.9219|138.5168
140|1.4864|1.3542|72.3543|55.1548|1048.8484
241|4.7453|0.2926|56.1183|34.5864|915.8089
15|1.7805|4.7521|58.4917|95.7535|150.4386
164|2.2505|0.2825|89.0593|86.077|632.7848
148|2.1959|4.5948|22.5775|88.563|1090.017
179|4.2173|1.0553|33.5045|29.7938|1280.7556
9|2.6554|2.5945|72.0366|66.4804|1120.2492
169|0.6825|2.0496|19.3559|9.272|346.0535
34|2.1245|3.8375|79.894|69.6831|857.8862
245|3.8192|3.1313|94.4802|18.7866|703.2224
250|0.3668|3.9232|23.9051|47.5251|1131.3908
75|4.6027|1.3014|60.6153|85.9092|661.9134
139|0.0705|1.5482|10.555|53.7335|367.5653
40|2.6831|1.3855|24.2612|85.7589|683.1232
80|0.3041|2.6785|98.4539|61.0789|714.5121
10|4.9166|3.6359|45.9279|14.8836|1329.7282
98|2.9632|4.0807|81.6092|41.006|778.8518
118|1.2783|3.4841|64.449|51.4738|46.5522
104|0.5512|3.2715|60.5834|34.9506|881.5664
220|0.0663|1.7669|16.8131|87.5737|176.8767
241|2.2755|0.9986|77.1284|83.0405|237.8269
188|3.9919|0.8469|80.4302|41.9083|582.7981
233|3.9088|0.135|56.8092|5.3757|58.7098
59|2.4067|2.7808|63.9987|63.0118|1210.545
143|4.0387|1.8959|76.721|86.0013|876.6228
12|0.0373|3.8215|73.4571|19.8526|862.5043
247|2.1189|2.0716|76.4286|77.7809|1144.1223
175|1.5106|3.432|29.6163|32.4311|125.4029
158|2.709|1.164|90.432|28.3497|552.4956
244|2.005|3.4483|61.7255|36.127|140.835
98|2.8734|3.7031|83.2424|43.9584|1321.76
1|4.9632|1.4426|64.9606|34.9154|1211.9298
52|2.7867|1.5765|88.0549|7.1509|688.6438
72|4.8711|4.8877|12.0916|77.4838|340.2222
138|4.5978|3.3557|12.1399|39.0989|1344.1979
167|3.3933|3.5833|20.9032|61.6531|1267.7985
12|0.5061|0.8176|90.7353|88.4445|1134.0526
53|0.2637|1.6818|34.9661|69.6676|459.1342
26|2.4058|0.3226|22.9312|55.8849|186.9325
148|0.6728|2.1729|99.8813|11.032|343.7821
182|4.2006|1.5202|70.8731|52.593|826.6172
228|2.262|2.8696|21.6969|63.7526|283.7872
73|4.7838|3.5349|43.3432|58.9257|250.5393
76|4.4118|3.4786|21.6728|40.6891|21.8605
242|2.8696|2.3881|26.6755|19.2864|232.8071
96|4.9781|4.6498|85.655|12.4758|631.5121
235|2.9205|0.0919|50.0339|51.2563|809.7414
201|0.4099|2.6497|98.5164|1.9167|350.4454
196|0.6796|1.1318|96.9366|79.7058|679.4221
61|4.7535|4.3689|15.6669|67.4424|599.2734
234|2.3744|2.3904|61.7175|19.0913|396.8866
70|1.3693|4.8746|55.8805|72.5838|178.7204
188|3.0262|3.4543|22.0977|49.4342|556.7541
47|1.2148|4.1015|93.5409|93.5844|1418.1103
5|0.7801|4.2429|84.157|1.6326|1359.6006
84|0.5099|0.0415|90.4111|80.5614|539.0807
84|3.9178|4.1172|56.2934|91.0673|730.7417
165|1.9437|2.8286|61.074|75.5819|396.7104
22|1.9915|0.1087|45.8913|88.7943|723.4305
17|2.8069|1.9203|53.7328|1.9877|1478.495
70|4.7751|4.618|89.2658|2.7204|687.4111
54|2.5508|1.4865|88.3368|31.1036|990.9869
76|0.2496|1.2643|31.5327|22.0399|588.569
131|0.4548|1.5584|28.6348|28.9068|1351.9039
240|2.5166|1.3441|77.7989|40.934|273.3428
137|3.5597|2.797|48.1571|92.1534|500.4502
110|3.2626|4.7923|37.6662|63.4893|1460.618
33|1.4118|1.9005|14.9635|46.6851|1017.652
217|2.1613|1.0788|92.8956|27.5556|571.4387
128|2.5873|1.9628|26.3878|89.3487|447.088
81|4.6085|0.7543|56.3224|27.1417|227.1422
68|4.4307|0.7801|48.7068|34.5901|1136.2494
199|2.2431|3.0523|41.3718|3.7169|448.6545
246|4.7585|3.439|73.7346|3.7569|792.8673
89|2.9256|2.8472|54.8507|39.426|712.799
87|0.3767|3.2116|27.8318|70.7541|1324.6312
84|2.7536|4.2325|36.4554|42.2252|1369.8504
99|4.3106|4.6794|16.4916|95.5492|1073.3502
84|0.3463|0.175|97.0862|99.9575|47.5885
141|0.099|4.77|88.4126|36.3108|516.4434
81|4.3929|1.7701|13.1318|46.3223|589.1147
151|4.3865|4.8524|41.2621|86.9086|264.0838
223|0.8041|2.0941|17.4467|24.8632|1382.1762
208|2.8115|2.6539|99.223|14.0342|322.7499
96|3.397|4.1029|73.681|30.6114|157.6565
57|1.627|4.0764|31.5338|68.2653|1021.0577
95|1.7755|4.3258|80.8296|34.5809|824.6714
20|4.1578|4.522|68.2681|47.0173|611.782
72|4.1901|4.6214|90.5769|34.9498|877.726
189|1.6555|1.0124|67.6548|26.6813|535.0957
188|3.3469|1.6465|14.8434|93.6959|540.4018
57|3.7309|4.9951|28.9262|21.2901|59.7225
86|3.7864|3.557|24.997|82.4338|173.4105
232|1.5786|0.3059|78.7534|84.4427|436.6125
53|0.4295|3.2904|72.2404|36.6316|80.7767
175|3.6338|4.4298|89.7895|49.206|1490.093
37|0.919|0.6507|25.1302|43.9696|241.2911
138|3.4251|3.8171|92.3537|19.0285|1480.8763
72|1.0691|1.3405|76.2451|11.9143|1106.1903
221|4.421|4.0586|87.7184|19.8076|90.5434
202|3.3639|3.2099|25.1986|22.8476|1446.6805
66|1.6649|0.9951|45.6091|88.5394|906.4018
96|4.1092|1.8631|84.3749|54.2493|889.4755
88|2.1476|2.8252|51.1269|43.7415|1036.21
218|1.1189|4.1807|70.9841|38.5742|972.5727
150|4.1507|0.7333|46.8988|89.8771|1474.4416
122|0.4961|2.556|30.8285|91.7755|837.7237
155|1.4827|3.0923|76.7326|70.8458|876.4444
234|4.5722|2.4859|62.4746|66.8634|766.7125
64|1.1517|4.5737|75.8962|31.3759|340.0968
121|0.9456|3.2008|58.2562|4.5136|419.6256
93|0.5078|1.0247|69.2855|82.3217|835.2257
191|1.2972|1.0756|28.2553|38.5667|463.351
93|0.691|2.6264|40.9802|79.5225|1188.4452
110|2.6684|0.2201|81.2119|58.848|312.7963
141|1.9653|0.4094|15.446|18.3541|351.4086
226|2.1076|1.3177|53.7861|90.7684|838.0812
199|2.3983|0.2417|51.812|8.1777|1160.9031
81|4.094|4.2276|26.1482|38.1481|1167.0319
149|1.9071|2.1342|57.6823|49.9599|1297.3226
36|4.5701|4.2373|23.7975|91.8402|957.3089
77|1.7257|1.9196|54.9908|86.4918|1147.9522
28|3.2633|4.0446|68.9825|26.762|225.7232
17|2.0318|2.9287|22.5996|66.1504|1191.5268
141|0.9397|2.2755|12.4739|25.4157|305.6871
121|2.3255|4.8412|61.2463|47.7152|518.5965
226|0.3076|0.6216|49.256|46.5658|276.1515
83|2.6836|4.2276|82.434|10.7998|107.7528
162|4.9369|4.4071|73.995|6.0252|885.8812
31|2.7014|0.9924|68.7472|67.4598|1390.9336
40|3.5465|1.3322|31.908|29.8174|848.4798
153|4.7873|1.3552|36.2972|59.0717|1140.4265
164|3.8036|3.192|42.0888|74.4807|926.116
133|4.2991|4.7465|97.7216|96.4839|1238.5888
148|0.3498|3.5988|81.9503|18.3171|73.125
11|4.891|1.4489|34.9974|50.7224|1100.5806
22|1.5164|0.1537|31.6088|44.762|1394.0643
222|4.9876|0.2964|89.4161|95.4775|586.3377
212|2.2031|0.3693|44.224|74.2033|1434.2769
104|2.5235|1.4931|99.8729|84.5677|1096.3154
80|3.4078|0.8391|34.0526|12.6871|766.8207
72|4.0799|3.9566|11.4886|56.3835|849.228
120|3.5548|3.6141|33.4773|85.6406|335.4241
199|3.5652|0.8989|86.4303|7.6333|1330.7648
198|0.285|1.77|50.9208|6.3088|1040.6494
191|2.5199|1.55|97.2143|39.4928|109.4277
185|3.7127|2.3129|18.5691|73.7053|751.6398
61|0.6261|4.4112|42.5088|0.8765|68.979
105|1.1591|0.0648|30.3823|92.352|237.7164
14|0.1908|4.0065|18.2731|38.4815|429.1773
198|4.0795|3.7566|76.8679|16.2858|54.328
22|3.8547|2.5549|92.5856|47.9869|1400.0423
202|2.1533|1.5644|10.7345|28.9848|489.2057
104|4.2353|1.6465|85.1155|23.0355|1426.0786
119|3.0056|1.7185|33.4891|93.1588|55.2718
246|0.265|1.1604|13.327|51.2379|459.9521
208|1.8355|1.4402|91.1839|15.5343|2.1828
16|3.6505|4.5066|20.812|48.0096|850.9785
64|3.1243|3.5926|97.2953|9.9362|811.0961
218|3.1022|4.9857|72.3865|81.7113|1427.441
243|4.1467|2.0184|47.9045|17.8159|383.9621
84|0.6223|1.025|29.2646|3.0499|119.5334
85|1.5622|3.2568|88.7636|43.6898|415.0581
220|4.8863|0.4301|74.2366|71.7529|1307.6484
71|3.9658|0.6798|31.6183|56.6689|926.4944
25|1.5714|1.4216|41.9899|39.0956|1447.8336
68|2.6518|2.8274|68.6877|53.6635|1311.8431
89|3.1799|1.2978|73.8989|45.119|4.0805
246|3.7077|4.0697|71.8265|91.2186|1367.088
146|3.2162|3.4438|11.2073|14.325|1302.4502
230|1.9043|3.4516|28.7261|99.0104|172.1091
79|2.8645|1.3049|22.4215|63.9517|1425.746
245|3.1667|3.5678|16.7182|49.9619|1390.117
16|3.973|4.7562|13.8556|33.408|614.4366
14|2.2292|1.4381|80.6093|6.4803|853.9216
169|3.7765|4.9234|70.3224|48.2567|1462.1313
101|0.7367|1.7009|96.4741|9.3766|1028.9417
129|2.6169|4.2324|40.7971|50.5978|708.3667
206|0.1852|0.45|50.9634|40.5908|877.6979
144|0.0416|2.2148|94.966|86.9576|657.0218
52|1.3365|2.8725|59.4788|71.6341|1384.3021
92|2.3155|3.1512|21.3179|19.7179|380.3777
53|4.7415|0.3446|67.4702|56.7538|1265.0442
112|3.1245|4.5752|40.7972|86.5635|776.6126
29|1.2351|3.6451|18.0537|27.7962|846.5412
81|3.4763|4.5054|79.2432|64.2873|1388.9566
120|3.5993|2.4306|87.1783|65.6142|601.8051
250|4.4207|4.7336|34.7583|66.1173|21.3759
249|2.2567|2.4051|30.6832|9.4947|625.4469
19|1.1809|0.6495|80.0706|36.8029|727.3441
71|3.8773|0.6|83.0023|34.5423|974.6378
228|2.0154|4.3162|11.0098|65.5426|350.2302
241|3.4949|4.3265|84.1702|50.0199|1054.6514
17|2.446|2.516|92.5684|13.7076|1029.583
146|0.5629|3.4271|67.6328|69.1039|488.7019
201|4.1718|3.2757|35.6558|67.1489|181.1514
2|2.6232|2.7447|92.1546|29.3395|900.0973
122|4.7466|3.8257|84.1432|82.6382|1327.0295
238|2.1075|1.8561|69.798|99.4304|873.543
135|1.6624|1.297|93.3404|29.6152|635.6023
97|0.9629|0.9248|17.0083|60.9922|658.1777
118|4.8847|2.9602|91.92|17.1249|417.7136
243|3.4546|3.0377|80.3023|79.6006|1366.2309
34|1.87|1.9121|36.9147|73.4431|1316.2238
12|4.1047|2.2672|14.9166|39.6163|714.518
129|2.5463|2.0629|65.9934|16.0343|757.8409
153|2.8988|0.9395|91.3603|90.4308|663.2342
230|4.9953|3.5919|11.0619|82.9513|241.1163
7|1.5729|4.4667|84.3646|40.8085|1392.8262
44|4.3183|4.0196|43.2844|85.402|1272.1211
106|4.3483|2.2638|53.3621|33.7398|1201.4126
67|1.64|0.3706|39.2038|27.2361|1111.4108
152|2.6583|3.9147|43.7959|68.4286|1121.8493
183|0.0482|3.3031|62.3078|66.8003|806.4901
191|4.6711|2.8439|40.2994|63.8751|972.4557
232|2.5643|4.5854|93.5654|51.2882|920.8275
212|4.1625|4.4132|72.8586|41.8643|1266.4151
73|2.1937|3.1212|76.2828|71.6193|722.5215
135|1.0276|3.1425|32.9554|48.5851|1295.997
176|0.1042|0.8162|61.7609|43.8859|305.857
131|0.5104|3.8827|99.6835|10.1119|110.362
189|3.7147|1.3863|74.6198|80.568|853.0544
245|0.2271|2.6767|17.8038|73.7987|374.4186
112|1.548|4.2974|14.6243|84.0639|451.7592
180|4.3731|3.0796|92.2506|78.0374|993.9454
18|0.97|4.7142|82.3172|10.9363|45.2051
247|1.3927|1.807|54.1217|64.8356|228.0102
44|0.4383|1.6402|40.4802|25.0101|194.1352
13|2.9837|4.6037|64.0734|85.7787|732.4389
208|2.3394|3.9832|28.7944|8.5267|1138.9307
52|3.1257|0.1015|45.611|54.3772|557.6027
69|3.2719|4.1326|27.417|42.5622|663.4217
110|2.4659|1.2825|26.7703|55.4823|53.1214
219|3.8121|4.209|30.2702|59.3073|1429.942
132|2.1662|0.4279|76.7533|15.1019|1133.4152
32|0.9845|3.2176|32.3415|35.0319|548.1301
217|2.4099|3.6063|34.4775|18.4876|1047.9897
140|0.3124|3.6765|99.93|94.7889|905.8871
181|2.2665|0.4228|34.556|69.1473|1480.529
219|0.372|4.226|25.8612|39.2654|881.1394
75|3.069|3.8678|53.4959|36.6706|23.796
223|0.6252|4.9575|81.3775|2.2477|1266.4995
145|3.616|4.8594|74.1616|1.9292|792.615
39|4.6527|3.6313|18.3179|32.4361|966.0038
112|1.2611|0.0766|13.5439|48.9384|262.926
165|3.3724|1.756|22.7735|32.4592|224.527
34|1.8056|1.6997|40.988|57.406|1156.106
7|2.4237|3.6225|60.2793|30.1279|515.4075
126|0.8778|0.1556|10.4004|41.0883|1424.5762
39|0.4719|3.2143|54.973|44.4385|897.6769
231|2.256|4.3851|87.3248|88.7732|1175.983
27|1.2056|0.6759|34.9725|73.6945|237.0459
238|2.4757|3.3675|80.7902|86.9198|1107.6342
47|1.5897|1.0456|98.2252|93.6893|1225.9842
194|1.9746|1.1875|81.2925|68.0935|295.4674
150|3.4289|4.5779|77.6391|72.9623|485.5489
94|2.7244|4.9899|34.3094|71.8078|219.0886
158|2.5949|2.4401|25.7503|9.6349|101.3037
6|3.4447|0.0974|12.3994|66.0284|585.1108
94|3.4796|3.8358|93.4371|78.6769|651.5899
62|1.8641|1.5194|91.8714|78.3846|677.3867
151|3.0385|1.1224|11.2041|25.2232|901.4691
42|4.0982|1.9221|25.3173|9.2345|178.4438
204|4.6733|1.9755|65.9349|86.3797|993.5053
127|1.8786|4.9903|42.2215|71.4382|414.4449
190|2.3778|2.6038|22.6999|8.672|1217.5402
67|1.3573|3.5452|76.9486|77.9126|813.8899
241|0.1287|0.4056|15.8243|66.0816|1013.4868
156|4.0888|1.6971|40.6074|11.3491|285.1895
74|2.9192|4.5277|81.2468|71.9469|110.9619
228|3.0882|4.0959|30.4598|61.0912|735.1645
91|2.9311|1.9566|84.2127|83.1948|1281.6643
134|2.1088|2.9242|58.9862|97.2401|1160.5898
225|2.3546|3.3118|34.0432|13.8324|155.1763
48|3.0483|0.7681|32.0641|24.6894|774.7794
21|3.3182|2.7727|74.5859|9.4997|328.7976
208|2.2272|2.5944|83.5718|33.2038|958.5912
116|4.6837|2.3676|53.9278|75.9153|325.0638
187|2.2363|1.1299|92.0198|57.2199|1161.9324
179|0.5619|3.907|35.3336|80.0023|418.8631
28|1.2965|1.034|71.621|88.031|1362.7669
75|2.0183|1.115|43.5837|69.2457|63.2885
68|0.4147|3.3463|43.948|78.2835|875.9909
3|0.1237|1.2507|70.5751|20.1101|1463.4912
105|0.4045|0.2386|15.1849|46.4594|366.03
144|4.7888|3.7814|67.1834|94.6185|220.4416
239|1.179|0.5285|54.2355|33.0018|1182.4129
167|0.1645|1.2399|99.8753|19.7786|1398.3779
207|4.5035|1.1083|31.4809|69.7401|1248.415
170|1.3615|2.6207|43.9228|24.7856|659.2014
174|3.2681|1.5778|64.7479|80.964|821.5806
29|1.803|1.9003|10.133|43.2936|1172.6777
106|3.631|2.6107|76.2393|54.6521|369.8539
2|3.4401|2.324|38.1911|68.1976|1003.3063
47|1.6041|1.9453|99.7692|86.7415|413.0592
203|4.3379|3.2325|99.9171|34.8749|334.4902
95|2.8342|2.0504|11.7779|35.5515|1370.2465
208|0.054|1.9355|25.6301|28.4296|477.224
156|1.1647|0.3783|43.8787|58.2916|922.7275
102|2.6055|4.6556|42.978|86.7888|1237.2709
179|3.7086|2.2683|18.8286|14.1159|135.7312
47|2.0709|4.5204|19.8751|19.194|906.3373
223|4.196|0.8322|88.7279|94.1932|490.2111
156|4.9374|0.3436|78.1675|94.3762|952.9578
40|2.8212|4.1754|96.1384|3.982|1098.7607
197|2.8018|0.3806|39.8069|65.9346|831.042
239|0.331|3.2061|52.6088|22.0761|491.7287
240|1.6136|3.5697|86.7538|23.7533|777.7775
244|2.6596|0.4558|44.2893|9.9673|310.9035
37|1.094|4.1547|62.2516|31.5913|1372.3868
6|2.198|2.169|93.6218|3.6053|1037.349
158|3.7352|4.4636|79.4932|67.3728|1462.2024
216|3.7616|4.8388|41.234|49.4963|1088.1434
136|0.7757|4.4684|27.8291|31.3517|1030.1148
32|3.8837|0.4135|98.0526|16.7227|1361.9914
74|3.4581|2.9893|72.5645|22.2932|432.4361
36|0.8198|2.9152|33.0491|20.2796|1394.9386
247|4.173|3.6371|55.6121|44.1118|1415.4925
108|2.5336|3.665|74.3856|94.9822|132.3608
239|0.1206|3.1872|75.6731|27.977|139.0602
40|1.9659|2.7648|41.8244|95.9123|1330.2919
182|1.2224|4.1557|30.6721|10.5641|1065.5688
142|0.959|1.2957|93.0292|77.3569|1284.8137
167|3.5005|0.5325|43.8194|86.7114|410.8387
5|1.072|3.7789|13.5252|16.9536|127.1707
195|2.3289|4.275|82.113|76.787|993.4913
183|2.5827|2.3409|48.1806|37.8223|309.1729
215|0.8266|0.9564|26.102|91.0311|262.8449
22|1.5107|3.0848|84.6747|36.4045|662.0308
107|1.5703|4.4709|50.7512|65.257|1210.309
3|3.6577|4.7544|86.8329|35.1035|1285.0888
217|0.8003|2.6956|16.9307|40.9901|1456.5588
148|4.7387|0.4454|49.3934|1.8965|0.5134
122|4.4591|0.8704|28.5468|29.3016|1166.1391
124|0.707|1.4139|71.1551|85.3879|917.0642
178|4.2076|4.0349|73.597|77.0341|700.2627
164|0.4303|3.3867|95.7212|8.5408|1040.9424
153|4.7492|0.5587|93.4641|23.1655|1136.7421
134|0.8356|0.9282|91.0062|67.3328|327.5061
75|0.3628|3.5765|32.3002|84.4485|149.0332
68|2.403|0.6212|84.2652|92.2124|75.2092
182|2.6669|2.7939|68.3653|61.0878|443.9348
221|1.925|1.8874|79.7366|89.1208|776.1393
85|0.4899|0.1022|95.8482|97.8404|1115.7485
199|1.4297|4.0988|76.5839|50.646|480.831
207|2.8076|2.7747|18.0389|11.4486|564.9095
6|1.3049|4.7404|47.0448|64.1587|1057.7222
85|0.9379|1.8273|50.1048|95.1835|871.0324
88|1.7748|3.6315|16.501|8.9984|685.7152
38|4.3472|3.763|27.5289|80.1323|23.6542
47|1.0998|2.2921|80.8529|98.9953|1072.6578
130|2.8459|4.8388|37.1014|47.3882|332.9745
2|1.296|3.5112|85.4463|1.5983|1271.8956
23|3.8642|2.3207|18.2702|20.2933|571.5832
56|4.8701|0.2805|75.1861|90.4664|555.7365
236|4.5247|3.6243|40.7201|39.8579|239.8048
215|4.6361|4.8254|52.1767|95.2511|748.1706
227|3.3216|2.2991|31.4676|98.0887|729.029
146|1.5494|0.5029|61.2146|7.7359|1417.1058
58|2.5528|1.1841|68.444|33.3158|1013.3777
113|0.2895|3.4643|10.457|13.0809|959.4858
5|3.9296|1.3982|25.5647|44.3683|845.5033
87|0.106|3.7086|84.6955|69.658|374.1389
74|3.3494|4.6892|21.4074|26.6884|73.0458
124|2.9162|2.3502|53.4132|77.2117|145.522
160|1.9746|3.0989|61.6512|32.2579|1275.2159
113|3.5588|4.235|74.8916|61.3689|211.9191
215|1.7186|0.1428|27.8981|7.8415|759.2396
150|1.672|3.0082|82.9567|95.9801|1247.9558
81|1.5631|2.7068|64.0355|85.4042|666.7099
154|2.5807|0.981|53.1962|45.8248|1419.8792
123|4.3542|0.9204|96.3465|59.7925|1235.4803
131|2.8909|2.856|11.7083|62.1428|1358.1755
49|1.6477|1.5625|44.0619|13.6733|540.9317
105|0.7935|2.5253|31.9136|8.0949|1354.7289
201|4.145|2.5994|55.0311|22.9217|1036.2485
20|1.8025|1.6499|72.2616|77.1183|386.8471
80|3.6919|4.4269|59.7232|10.724|936.1041
52|3.3376|1.5879|80.9736|55.3494|304.8077
36|3.7139|4.8221|25.7473|72.701|696.2242
224|3.1524|4.0463|13.3198|43.3239|525.1123
32|3.2177|4.4109|21.0382|20.0181|185.2842
208|4.9335|2.0669|21.2069|76.2498|1168.8747
19|1.8568|1.698|99.5439|17.0375|1035.111
23|2.706|2.7914|47.8801|15.0506|509.6413
23|2.4304|2.9481|76.3677|59.077|591.1129
210|0.145|2.1022|62.395|24.5346|1450.8737
85|1.2283|0.2964|63.1371|50.286|843.1009
133|0.1581|0.4661|68.8478|78.1673|1167.0364
213|1.4334|4.6353|28.9329|51.7479|1326.3221
52|3.9683|4.995|29.0407|47.2493|1039.8317
136|4.9895|0.612|75.7561|12.7239|1007.7374
192|4.4145|3.4891|99.5365|70.3609|1079.1916
72|4.9575|3.8886|64.2442|90.0565|795.6735
4|4.9626|3.5314|59.9188|14.806|700.311
94|3.5428|0.7645|81.3887|46.5999|900.246
21|0.7252|4.6545|60.384|65.2346|125.9947
211|4.3945|0.8661|96.8573|25.8424|566.2742
223|3.5201|0.0004|69.1982|52.8067|795.4945
137|3.6574|3.0465|17.091|77.482|708.2112
8|4.7366|1.0612|44.1533|26.9078|1279.9138
97|1.9429|4.7474|27.7882|37.7235|1151.7892
119|1.7677|4.0463|51.9467|13.4806|1165.7853
197|1.838|2.755|82.0877|19.4571|1171.5585
113|2.2753|2.3585|84.0729|33.4755|871.1672
200|2.2982|0.2202|89.0958|21.655|1454.5615
28|2.06|3.7148|68.5656|65.1216|438.8388
15|3.4285|0.9897|39.6799|32.6579|845.3295
233|3.3305|1.9424|16.4965|19.3915|460.956
39|2.3757|0.0595|60.9523|51.6427|253.8629
29|1.0175|1.2235|27.5577|8.2612|1159.201
153|2.9543|4.9701|50.8619|74.2244|1087.1546
88|3.6876|1.3523|59.1332|37.7404|40.8968
219|2.3662|1.3123|87.9876|45.7391|1075.9082
176|4.1143|2.7889|96.569|53.8041|580.1387
15|2.0989|4.1542|46.7097|73.9569|354.2438
122|4.3195|2.3128|78.2251|31.1638|346.8495
68|1.1618|0.3329|88.0524|13.1697|691.7964
86|4.9998|1.4519|66.8608|38.992|1008.3694
226|3.1985|2.097|97.7668|11.3862|992.4184
143|4.6253|4.844|79.9166|15.6569|641.2856
180|4.5506|2.8927|83.2376|7.7873|260.9439
65|1.3625|3.7451|29.4261|53.1649|589.1705
144|2.908|0.1171|43.2635|13.4735|213.0142
70|4.6436|0.8218|99.3958|85.6638|1215.3479
243|4.9595|0.4846|28.9696|38.4468|940.8607
41|1.0569|1.8046|54.5417|67.4783|493.393
248|3.6485|0.7133|57.1273|49.6539|1211.4485
211|0.5543|1.2832|16.6169|76.7708|483.057
224|0.1402|1.5753|16.5246|7.7482|417.9777
168|4.1499|4.8215|42.8518|89.7157|806.7981
13|1.1473|3.0478|86.7993|92.9197|534.9339
148|1.0292|0.709|77.3855|90.8941|1005.1059
234|2.7014|2.2233|17.5215|15.7357|40.9548
104|4.3667|4.8737|82.1468|42.5176|1160.0449
100|0.1594|2.8195|68.4989|83.0272|1229.0539
55|1.3299|1.1373|19.7954|11.2085|1125.7467
100|2.1193|1.574|57.8039|73.8342|8.1687
8|0.8311|4.5464|54.3401|63.9704|139.2296
132|3.4592|2.9937|68.1971|71.2908|1340.412
5|3.6733|2.3636|40.7721|87.3768|1045.0091
48|2.3215|3.0002|28.3214|6.2925|895.5164
78|2.6016|2.6905|71.9282|60.2808|1470.2836
155|4.7873|2.4712|61.8261|23.6821|254.4178
165|0.4874|1.3881|71.5277|39.0926|817.257
188|1.572|4.7858|69.4208|45.6625|634.5468
71|3.3221|2.1808|91.354|13.8215|1078.7159
45|1.0247|4.1412|73.162|27.4169|657.9888
42|0.1108|1.3041|54.8969|18.2366|318.874
129|0.308|3.7835|85.2032|0.1502|1160.8673
32|2.9643|4.9833|45.563|42.9598|334.3937
94|3.8362|4.241|41.6116|83.1907|1359.7975
242|0.8954|4.6614|51.185|77.2097|733.6776
213|4.7889|0.6457|92.2976|72.5854|1491.22
91|3.269|4.2099|16.5027|42.9735|61.9645
238|3.6909|4.36|88.1376|45.4898|1263.8353
43|0.7865|4.5326|64.9617|16.648|852.668
169|3.4793|3.9184|63.7448|99.6576|106.4821
165|4.2704|0.5932|41.6951|30.904|175.4044
73|3.5181|0.6958|35.9366|15.6205|521.2362
98|2.8533|0.9153|44.612|57.7849|360.1122
197|1.1105|4.151|58.3626|0.1955|1175.739
26|0.0944|2.0873|64.3652|12.164|1115.8114
15|2.6846|3.4114|15.4379|44.6512|443.1013
169|4.0872|1.5095|19.1217|79.4022|1218.9134
62|2.8159|1.296|21.9559|43.4388|973.6847
51|0.2691|0.3237|18.5635|41.1738|581.2939
66|2.2231|1.5208|10.9604|5.242|1190.4819
22|1.0805|2.0491|18.0308|77.8394|1117.3971
195|1.3905|0.3848|71.8959|55.7944|697.6173
235|1.989|1.5093|92.7677|49.7025|1125.5172
198|3.7953|3.0354|93.6596|64.0279|493.5112
176|1.0546|3.7342|23.2971|68.9661|1308.206
187|4.8445|2.6468|21.5018|96.4423|312.4097
133|4.5362|1.9942|55.835|72.0475|477.4943
107|4.2238|0.7553|83.6976|6.8708|579.6644
108|2.6297|1.7726|13.1367|79.0336|364.247
132|4.1904|4.492|72.6608|58.6143|837.6241
237|3.074|4.9137|15.3554|51.1586|518.5835
42|1.4065|3.9729|76.8383|12.6894|936.0286
187|0.8449|4.7648|20.0097|34.2058|1167.6366
108|2.3971|2.2372|45.2703|79.7628|695.7579
217|0.8674|3.0601|93.9216|62.4298|1261.9292
81|1.5558|3.067|20.5492|62.943|440.5334
242|3.1409|1.8572|77.5782|8.5048|155.847
194|3.6804|4.4072|63.469|18.9281|833.9378
128|1.921|3.5101|60.4788|30.7743|353.9247
150|4.0157|2.8086|64.6742|50.2634|834.664
236|2.6085|4.5098|93.8848|70.4493|42.6881
5|2.3873|1.25|10.6715|70.21|307.559
102|4.3088|1.5678|64.3212|45.1541|557.3278
23|4.7663|1.445|52.2221|27.1137|1397.4039
153|3.9428|0.9898|31.5925|71.0363|988.8969
43|2.6057|0.3047|13.7179|26.9041|564.7309
171|0.8762|1.4244|34.1117|70.6868|746.8454
36|4.3109|4.1167|26.0264|14.3075|566.9549
182|1.718|4.1823|72.2112|37.7191|899.3662
103|0.8259|3.2771|96.7935|38.4758|1379.6492
2|0.4284|0.9701|75.0631|54.3084|780.3941
102|1.998|1.9217|33.0774|14.1295|470.728
42|3.1232|3.5328|73.5229|5.5299|441.0251
137|4.6927|0.4062|55.0594|43.0609|1276.2967
88|1.1556|0.6834|52.1411|6.9632|51.6105
243|1.887|2.0755|35.6116|56.5727|383.7052
25|2.6179|4.3169|24.0695|26.3044|1314.2826
70|1.5754|4.3113|35.1302|43.7427|1187.7636
122|1.536|0.8442|17.4485|4.6991|1439.6179
62|3.9737|3.6349|22.5831|70.6822|237.2653
9|2.8278|1.2878|50.3142|8.3187|525.089
98|3.662|0.6961|73.2958|7.5985|790.6211
156|3.0246|0.4489|91.8286|16.1939|1094.3563
93|1.4757|4.0173|69.4566|27.8867|195.8775
43|0.2202|2.798|38.4312|42.4052|841.7702
133|0.971|4.7398|29.8124|96.724|1362.2087
54|4.6715|2.3876|41.0879|55.8965|598.685
168|0.5618|3.5222|51.0199|60.655|1368.9094
3|2.474|4.6357|69.7185|58.4076|1097.3312
232|2.4059|3.7292|47.8524|78.0761|744.5182
2|0.4435|4.5721|12.6511|55.0195|1349.2054
24|0.7698|3.8527|75.4201|64.2364|688.3736
82|3.0753|2.1037|58.675|41.6961|643.6434
118|2.6906|1.5181|96.9512|23.4484|1217.2596
54|3.9589|3.1807|79.0254|86.39|1393.4646
248|4.641|4.4347|54.5559|32.3862|698.1949
14|0.667|2.8658|80.3356|75.1116|1453.0114
241|3.2367|2.2914|36.2743|45.2148|195.711
28|1.5052|4.8303|69.5657|22.9942|1425.6667
194|1.0909|2.8577|68.2287|74.6253|115.6583
192|3.9669|4.7209|20.3627|35.2526|398.1967
96|3.5062|4.1051|66.9364|34.1152|711.4594
39|2.8753|1.4908|32.2034|50.7971|258.0947
37|3.7223|3.9009|32.1868|9.7276|731.3993
43|2.7954|3.1744|97.573|87.6301|615.8468
221|3.1907|2.2673|91.4629|9.7657|543.0946
182|4.3005|2.8434|17.5137|0.1615|172.4876
229|2.8272|4.4157|87.4755|49.0033|1071.0417
150|1.2093|1.9559|80.9266|97.0299|1094.3173
221|4.9905|2.1012|43.3532|81.1209|792.4751
39|2.6263|0.691|35.7725|60.0538|731.6891
248|3.319|3.7175|15.8771|44.7945|783.6806
195|1.5031|1.3887|19.1444|14.4513|376.2967
192|1.397|0.9937|82.7897|74.8336|215.0111
91|0.7484|1.7235|24.9084|68.8027|1145.2854
200|2.1821|1.6853|75.8277|38.3201|1121.2431
248|2.2683|3.0577|40.5746|5.5017|1126.5342
159|2.58|3.7454|31.0418|91.7592|1226.503
64|3.4563|0.8985|24.1146|18.3737|377.0188
123|4.3637|4.0083|22.4316|45.2923|300.8151
1|0.1705|3.0174|86.2731|24.7195|840.5544
107|2.1142|2.9806|14.4779|91.1797|1012.5
199|3.6263|1.4161|15.3929|17.1409|1328.6417
50|0.385|1.752|14.1891|11.3405|910.6386
111|1.9152|1.8325|87.3002|59.42|290.4657
229|4.4362|4.3002|22.311|26.3829|506.6562
154|1.7286|3.0387|83.9903|90.6396|757.4041
206|0.8084|3.703|45.9143|70.2293|1019.4099
118|4.3775|4.2477|55.3676|98.3276|1018.3887
65|2.881|1.6261|25.1982|23.9865|232.5144
222|1.8431|0.7171|84.3517|76.2926|743.3077
102|3.7793|2.3803|67.8459|77.0206|1447.8618
16|2.433|2.6292|36.2802|92.0999|116.5151
147|4.4242|1.17|19.1441|64.1854|923.73
64|0.7669|0.5707|85.6927|43.6532|564.6323
142|3.9543|0.4733|59.2957|33.718|1104.5846
131|1.3196|2.2658|21.7838|18.7274|233.6833
221|4.0117|2.4812|81.1292|43.6819|1036.182
84|0.3045|1.9098|40.1219|6.9938|457.2223
74|4.4713|0.5691|41.0383|80.0101|689.0606
10|4.1443|1.0196|88.1798|1.2353|579.7777
17|3.9792|2.9857|33.0304|97.4095|921.9761
225|0.399|2.304|69.5411|74.8161|1230.3421
116|4.8671|1.7084|67.9365|9.602|778.5609
176|2.3358|1.7482|61.8426|97.3655|956.6284
162|0.0331|2.4955|58.4294|93.0498|981.4916
146|3.621|2.947|72.8431|18.3854|797.4227
197|4.9108|0.4435|95.6464|38.4244|13.6693
96|3.5984|2.4675|81.3859|54.149|1179.7274
228|1.8987|0.0791|28.6185|51.5611|125.2651
96|3.2043|2.692|87.4847|52.9502|1277.4609
194|4.6851|2.8137|32.0165|46.0639|280.0995
151|1.4528|2.4852|86.4956|60.966|1242.9277
196|2.671|0.1413|50.5246|58.5328|854.4901
135|4.1366|0.2022|87.0512|99.8117|811.4945
157|3.1405|4.441|10.3356|76.5301|181.0288
88|4.7032|0.3305|40.2673|81.8592|198.3536
158|3.3936|1.6021|29.5654|20.1042|357.1